4.174552121212120603e+00
4.127303528628495144e+00
4.324527310777816602e+00
4.178773104145601103e+00
4.218584484518543398e+00
4.187240729483281854e+00
4.450258363244794957e+00
4.367178513561112752e+00
4.284180995162405026e+00
4.508516290909090785e+00
4.296056756756756023e+00
4.265022291021671741e+00
4.381067067137808912e+00
4.267958623063683454e+00
4.351849701649701530e+00
4.429589067524116075e+00
4.313994363256784759e+00
4.445471423449265380e+00
4.410679402347918554e+00
4.390375283286118702e+00
4.347272019635343376e+00
4.275317172413792832e+00
4.404412007104795634e+00
4.424846466809421841e+00
4.306502188259812236e+00
4.110881896551723536e+00
4.424846466809421841e+00
4.306502188259812236e+00
4.177365161725067111e+00
4.198584422621062906e+00
4.335111818181817789e+00
4.399723136976578353e+00
3.966225143953934218e+00
4.020239883268482473e+00
4.218584484518543398e+00
4.112245373134328474e+00
4.248944413982179036e+00
4.466289553314120475e+00
4.106796886386220535e+00
4.041205932203389750e+00
4.472734415584415757e+00
4.183002631578947472e+00
4.221457201225740086e+00
4.214282732834806033e+00
4.032006439024390154e+00
4.490554074610647817e+00
4.339663913195659362e+00
4.257699107142856931e+00
3.939758436606291436e+00
4.423267855868711962e+00
4.131429456847716786e+00
4.139706110183639431e+00
4.153574472361809100e+00
4.281222306629834051e+00
4.222895027247956179e+00
4.121815093085105630e+00
4.217149591836734324e+00
3.980231075441412081e+00
4.370257243567148286e+00
4.293081648199445155e+00
4.458259546925565253e+00
4.145242326980942416e+00
4.119076345514949722e+00
4.117708336100962541e+00
4.015032318652849597e+00
3.937256208320101702e+00
4.028076608187133978e+00
4.083800988142291644e+00
4.160543557046979757e+00
3.993049855072463572e+00
4.077086418941137325e+00
4.058402553191489126e+00
4.315495927601809889e+00
4.294568687218565550e+00
4.269428305785123889e+00
4.059731434184675969e+00
4.241676291481354610e+00
4.089188588390500811e+00
4.086493012524719859e+00
4.435928372093022709e+00
3.903784571788412538e+00
4.472734415584415757e+00
4.214282732834806033e+00
4.282701139896373022e+00
4.054421124918246910e+00
4.108157654075546006e+00
4.078427565789473519e+00
3.883000250548073407e+00
4.315495927601809889e+00
4.153574472361809100e+00
4.282701139896373022e+00
4.174552121212120603e+00
4.119076345514949722e+00
4.247488797533401694e+00
4.302019361554475729e+00
4.309495933263816525e+00
4.160543557046979757e+00
4.134184661553851114e+00
4.090537710326624499e+00
4.004657558139534501e+00
4.225773619631901568e+00
4.113609754479097269e+00
4.429589067524116075e+00
4.156359302715387116e+00
4.174552121212120603e+00
4.194323342354532969e+00
4.075746153846154129e+00
4.034630589000975931e+00
4.170339656912209314e+00
4.152183456128599737e+00
3.981509248554913505e+00
4.312493843478260480e+00
3.906244423440453861e+00
4.405977185501066096e+00
4.241676291481354610e+00
4.174552121212120603e+00
4.070393893630990689e+00
4.081112508229097990e+00
4.359500632911392337e+00
4.026768366352712292e+00
4.391930499468649884e+00
4.085146556836902754e+00
4.231542593856654655e+00
4.212850764525993164e+00
4.157753118712273377e+00
4.071730640394088496e+00
4.225773619631901568e+00
4.290110657439446307e+00
4.077086418941137325e+00
4.209989745331069066e+00
4.156359302715387116e+00
4.142472368860674159e+00
3.999490258064515746e+00
4.218584484518543398e+00
3.918590328697850733e+00
4.247488797533401694e+00
4.228656139154161053e+00
3.968764340588988304e+00
4.002072240154938676e+00
4.017634413480232425e+00
4.116341235059761239e+00
4.180181995954146856e+00
4.278267701863353700e+00
4.104078053624626854e+00
4.484057793851717655e+00
4.108157654075546006e+00
4.256237487126672825e+00
4.090537710326624499e+00
4.058402553191489126e+00
4.028076608187133978e+00
4.149404216867469408e+00
4.041205932203389750e+00
4.168937390719569258e+00
4.247488797533401694e+00
4.119076345514949722e+00
4.043842074363992012e+00
4.246034178082191524e+00
4.161940181268882100e+00
4.108157654075546006e+00
4.138324365821094197e+00
3.961156485623003043e+00
4.374883486238532626e+00
4.278267701863353700e+00
4.102719986763732507e+00
4.281222306629834051e+00
4.116341235059761239e+00
4.276791928251121533e+00
4.013732534800906748e+00
4.164736244541484389e+00
4.282701139896373022e+00
4.018936726094002765e+00
4.130053231179213746e+00
4.152183456128599737e+00
4.181591838111298642e+00
4.079769595261598880e+00
4.401284984025559233e+00
4.230098874104400331e+00
4.011135490132642367e+00
4.085146556836902754e+00
4.168937390719569258e+00
4.294568687218565550e+00
4.106796886386220535e+00
4.215715674940495816e+00
4.224333833049403353e+00
4.053095717554756838e+00
4.085146556836902754e+00
4.272370709855271897e+00
4.215715674940495816e+00
4.348796843212906715e+00
4.367178513561112752e+00
4.222895027247956179e+00
4.146628695652173846e+00
4.160543557046979757e+00
4.351849701649701530e+00
4.120445264207377889e+00
4.201429955947135753e+00
3.980231075441412081e+00
4.136943543543543100e+00
4.168937390719569258e+00
4.294568687218565550e+00
4.318502194357366264e+00
4.104078053624626854e+00
4.020239883268482473e+00
4.085146556836902754e+00
4.318502194357366264e+00
3.959891344618332365e+00
4.134184661553851114e+00
4.192904903618532408e+00
4.310994367176633979e+00
4.259161731363791503e+00
4.429589067524116075e+00
3.968764340588988304e+00
4.234432991803278590e+00
4.125930049916805231e+00
4.222895027247956179e+00
4.278267701863353700e+00
4.246034178082191524e+00
4.097296695307336201e+00
4.187240729483281854e+00
4.243127926078028800e+00
