4.312493843478260480e+00
4.398162398013480079e+00
4.426426204926810826e+00
4.404412007104795634e+00
4.456657009345794229e+00
4.379519533733662762e+00
4.434341845493561252e+00
4.431172194424588540e+00
4.267958623063683454e+00
4.254776870281400392e+00
4.373340317460317372e+00
4.447065925394547925e+00
4.402847940340908650e+00
4.463074082073434035e+00
4.612507366071428194e+00
4.225773619631901568e+00
4.407543476715249930e+00
4.336628121720881524e+00
4.243127926078028800e+00
4.450258363244794957e+00
4.466289553314120475e+00
4.257699107142856931e+00
4.631460515502427988e+00
4.338145486354092917e+00
4.442285847366534313e+00
4.413819793520826096e+00
4.248944413982179036e+00
4.134184661553851114e+00
4.244580554604587164e+00
4.061061185718964239e+00
4.424846466809421841e+00
4.497069205658323909e+00
4.285661873487728535e+00
4.171742866756392942e+00
4.214282732834806033e+00
4.350322736842104909e+00
4.374883486238532626e+00
4.362568543279381039e+00
4.201429955947135753e+00
4.429589067524116075e+00
4.312493843478260480e+00
4.421690370898716083e+00
4.284180995162405026e+00
4.263555639614855508e+00
4.371798236953455152e+00
4.373340317460317372e+00
4.390375283286118702e+00
4.501967973856209504e+00
4.263555639614855508e+00
4.548209757887013538e+00
4.326036217725051536e+00
4.412249039145907048e+00
4.284180995162405026e+00
4.108157654075546006e+00
4.114975041486889751e+00
4.181591838111298642e+00
4.353377738764044658e+00
4.299035991678224811e+00
4.294568687218565550e+00
4.202854169491525127e+00
4.398162398013480079e+00
4.418538774055594587e+00
4.485680101302460088e+00
4.368717336152219133e+00
4.364104118268214982e+00
4.521670240700218280e+00
4.359500632911392337e+00
4.091887722772276526e+00
4.145242326980942416e+00
4.247488797533401694e+00
4.583519334565618664e+00
4.269428305785123889e+00
4.471121456905877700e+00
4.442285847366534313e+00
4.409110881934566351e+00
4.370257243567148286e+00
4.442285847366534313e+00
4.538221010248902232e+00
4.373340317460317372e+00
4.373340317460317372e+00
4.387268152866241167e+00
4.259161731363791503e+00
4.580132914665681731e+00
4.393486817859673543e+00
4.479197904624276916e+00
4.287143775933610179e+00
4.365640774647887135e+00
4.554893387215282807e+00
4.305006875000000122e+00
4.351849701649701530e+00
4.475963826714800753e+00
4.416964659779123892e+00
4.279744494304452473e+00
4.253317255574613931e+00
4.180181995954146856e+00
4.332082389937107259e+00
4.330569263010827008e+00
4.246034178082191524e+00
4.157753118712273377e+00
4.235879672019132514e+00
4.244580554604587164e+00
4.185827076299797334e+00
4.291595638629283727e+00
4.220020353982300243e+00
4.477580281690141106e+00
4.531586184210525836e+00
4.578441580502214947e+00
4.327546178010471145e+00
4.296056756756756023e+00
4.338145486354092917e+00
4.573375064551825631e+00
4.231542593856654655e+00
4.167536067226890850e+00
4.224333833049403353e+00
4.207132609433322123e+00
4.197163100880162645e+00
4.284180995162405026e+00
4.561596688741721195e+00
4.482436659436007886e+00
4.561596688741721195e+00
4.354906849315068662e+00
4.543209893733968663e+00
4.316998537604456843e+00
4.365640774647887135e+00
4.335111818181817789e+00
4.390375283286118702e+00
4.305006875000000122e+00
4.398162398013480079e+00
4.297545857885615384e+00
4.546541914191418954e+00
4.426426204926810826e+00
4.368717336152219133e+00
4.475963826714800753e+00
4.190070902331869185e+00
4.202854169491525127e+00
4.116341235059761239e+00
4.305006875000000122e+00
4.415391666666666382e+00
4.447065925394547925e+00
4.253317255574613931e+00
4.407543476715249930e+00
4.529930507855316257e+00
4.391930499468649884e+00
4.323019456066945487e+00
4.265022291021671741e+00
4.310994367176633979e+00
4.348796843212906715e+00
4.247488797533401694e+00
4.312493843478260480e+00
4.180181995954146856e+00
4.356437034434293309e+00
3.964956763671250162e+00
4.071730640394088496e+00
4.232987299419597171e+00
4.241676291481354610e+00
4.416964659779123892e+00
4.365640774647887135e+00
4.221457201225740086e+00
4.413819793520826096e+00
4.423267855868711962e+00
4.431172194424588540e+00
4.139706110183639431e+00
4.432756453342867609e+00
4.600526827458256030e+00
4.168937390719569258e+00
4.324527310777816602e+00
4.437516034359341610e+00
4.201429955947135753e+00
4.284180995162405026e+00
4.171742866756392942e+00
4.357968295254832647e+00
4.231542593856654655e+00
4.384165417256010500e+00
4.520021800947866986e+00
4.113609754479097269e+00
4.211419769021738979e+00
4.104078053624626854e+00
4.248944413982179036e+00
4.174552121212120603e+00
4.081112508229097990e+00
3.918590328697850733e+00
4.166135685483870255e+00
4.095943111992070840e+00
4.167536067226890850e+00
4.368717336152219133e+00
4.309495933263816525e+00
4.135563642428285114e+00
4.437516034359341610e+00
4.510156347762823259e+00
4.016332944606413768e+00
4.113609754479097269e+00
4.178773104145601103e+00
4.100006547619047481e+00
4.117708336100962541e+00
4.170339656912209314e+00
4.070393893630990689e+00
4.134184661553851114e+00
4.321512652492157436e+00
4.184414377320282874e+00
4.170339656912209314e+00
4.384165417256010500e+00
4.241676291481354610e+00
4.353377738764044658e+00
4.416964659779123892e+00
3.996911605415860436e+00
4.017634413480232425e+00
4.113609754479097269e+00
4.132806599999999442e+00
3.846856903506049807e+00
4.104078053624626854e+00
4.227214387998635914e+00
4.276791928251121533e+00
4.033318087182824030e+00
4.364104118268214982e+00
4.294568687218565550e+00
4.177365161725067111e+00
3.999490258064515746e+00
4.163337743451981154e+00
