4.451856301615798372e+00
4.448661571582346319e+00
4.586910765815759738e+00
4.678648981132075058e+00
4.536560482985729337e+00
4.675120588235293972e+00
4.629731067961164293e+00
4.510156347762823259e+00
4.648826321709786491e+00
4.628002911534154329e+00
4.521670240700218280e+00
4.539882753570120499e+00
4.453455387931034792e+00
4.413819793520826096e+00
4.650570067516878403e+00
4.544875293255131510e+00
4.602234521158129255e+00
4.643602921348314538e+00
4.621103168095414659e+00
4.657558151765589294e+00
4.583519334565618664e+00
4.655809162598572470e+00
4.279744494304452473e+00
4.480816696783519681e+00
4.586910765815759738e+00
4.458259546925565253e+00
4.638391245791245510e+00
4.426426204926810826e+00
4.373340317460317372e+00
4.568319749447310230e+00
4.585214423076923396e+00
4.559919014343508437e+00
4.619381445603576886e+00
4.691040408626560243e+00
4.588608364174685761e+00
4.629731067961164293e+00
4.603943483104344203e+00
4.641864395357543138e+00
4.495438651196518975e+00
4.628002911534154329e+00
4.621103168095414659e+00
4.510156347762823259e+00
4.471121456905877700e+00
4.497069205658323909e+00
4.615941846612061639e+00
4.382615694591728506e+00
4.377973093220338896e+00
4.682182703927492362e+00
4.399723136976578353e+00
4.570003612237375279e+00
4.666322845314264001e+00
4.536560482985729337e+00
4.788883661645423118e+00
4.480816696783519681e+00
4.412249039145907048e+00
4.583519334565618664e+00
4.609077992565055126e+00
4.510156347762823259e+00
4.566637127071823343e+00
4.524970729927007440e+00
4.418538774055594587e+00
4.482436659436007886e+00
4.657558151765589294e+00
4.551549118942731731e+00
4.536560482985729337e+00
4.728611670480549201e+00
4.503603269160914913e+00
4.505239752906976314e+00
4.437516034359341610e+00
4.510156347762823259e+00
4.631460515502427988e+00
4.687493308128543923e+00
4.399723136976578353e+00
4.726808921082729320e+00
4.526622782037240000e+00
4.680415175537938843e+00
4.551549118942731731e+00
4.501967973856209504e+00
4.607365217391303780e+00
4.638391245791245510e+00
4.698150738916256230e+00
4.643602921348314538e+00
4.495438651196518975e+00
4.479197904624276916e+00
4.474348538433777556e+00
4.528276040905770294e+00
4.424846466809421841e+00
4.524970729927007440e+00
4.490554074610647817e+00
4.423267855868711962e+00
4.442285847366534313e+00
4.516728524590163829e+00
4.556567364939359877e+00
4.573375064551825631e+00
4.533243071297988536e+00
4.661060075187969609e+00
4.605653714710252089e+00
4.559919014343508437e+00
4.354906849315068662e+00
4.475963826714800753e+00
4.607365217391303780e+00
4.775970647149460291e+00
4.576751495016611493e+00
4.518374562682216045e+00
4.546541914191418954e+00
4.662813012410681246e+00
4.464681238746848635e+00
4.521670240700218280e+00
4.578441580502214947e+00
4.515083685360523624e+00
4.440694770773639277e+00
4.511797598253274977e+00
4.676884119200301448e+00
4.480816696783519681e+00
4.365640774647887135e+00
4.698150738916256230e+00
4.520021800947866986e+00
4.548209757887013538e+00
4.479197904624276916e+00
4.511797598253274977e+00
4.500333865698729063e+00
4.439104833512351966e+00
4.401284984025559233e+00
4.508516290909090785e+00
4.621103168095414659e+00
4.506877426390403230e+00
4.624550466243937841e+00
4.395044239631335614e+00
4.539882753570120499e+00
4.638391245791245510e+00
4.443878064516129101e+00
4.445471423449265380e+00
4.687493308128543923e+00
4.556567364939359877e+00
4.431172194424588540e+00
4.529930507855316257e+00
4.647083883058470200e+00
4.490554074610647817e+00
4.622826174496644569e+00
4.595411341734617849e+00
4.654061486486486210e+00
4.590307219548314777e+00
4.680415175537938843e+00
4.645342750093668371e+00
4.732221297709923391e+00
4.648826321709786491e+00
4.707069020501139178e+00
4.529930507855316257e+00
4.526622782037240000e+00
4.475963826714800753e+00
4.564955743740794603e+00
4.763127084133691014e+00
4.614223967249721170e+00
4.614223967249721170e+00
4.655809162598572470e+00
4.549878825688073114e+00
4.466289553314120475e+00
4.520021800947866986e+00
4.384165417256010500e+00
4.539882753570120499e+00
4.488928240405503090e+00
4.458259546925565253e+00
4.592007333333333108e+00
4.568319749447310230e+00
4.429589067524116075e+00
4.447065925394547925e+00
4.683951567812617789e+00
4.564955743740794603e+00
4.614223967249721170e+00
4.588608364174685761e+00
4.559919014343508437e+00
4.570003612237375279e+00
4.511797598253274977e+00
4.726808921082729320e+00
4.338145486354092917e+00
4.407543476715249930e+00
4.699931690674753249e+00
4.474348538433777556e+00
4.652315121951219545e+00
4.737646083301489952e+00
4.523319883254286466e+00
4.531586184210525836e+00
4.641864395357543138e+00
4.605653714710252089e+00
4.381067067137808912e+00
4.536560482985729337e+00
4.493809278724175904e+00
4.464681238746848635e+00
4.703497647951440541e+00
4.480816696783519681e+00
4.592007333333333108e+00
4.568319749447310230e+00
4.586910765815759738e+00
4.641864395357543138e+00
4.689266187594554047e+00
4.580132914665681731e+00
4.398162398013480079e+00
4.755818872266973862e+00
4.585214423076923396e+00
4.595411341734617849e+00
4.467899027027026904e+00
4.506877426390403230e+00
4.440694770773639277e+00
4.600526827458256030e+00
4.573375064551825631e+00
4.484057793851717655e+00
4.463074082073434035e+00
4.671597513187641049e+00
4.578441580502214947e+00
4.428007071428571528e+00
4.671597513187641049e+00
4.531586184210525836e+00
4.570003612237375279e+00
4.536560482985729337e+00
4.559919014343508437e+00
4.779652968388589329e+00
4.485680101302460088e+00
4.586910765815759738e+00
4.631460515502427988e+00
4.687493308128543923e+00
4.725007545731707559e+00
4.447065925394547925e+00
4.617661005586591649e+00
4.506877426390403230e+00
4.617661005586591649e+00
4.588608364174685761e+00
4.556567364939359877e+00
4.391930499468649884e+00
4.463074082073434035e+00
4.497069205658323909e+00
4.764957647963105281e+00
4.588608364174685761e+00
4.543209893733968663e+00
4.759470172744721062e+00
4.719611648267986403e+00
4.503603269160914913e+00
4.576751495016611493e+00
4.580132914665681731e+00
4.614223967249721170e+00
4.505239752906976314e+00
4.636656619296933179e+00
4.543209893733968663e+00
4.554893387215282807e+00
4.487303583061888368e+00
4.531586184210525836e+00
4.796293926499032523e+00
4.597115239154615729e+00
4.628002911534154329e+00
4.602234521158129255e+00
4.662813012410681246e+00
4.682182703927492362e+00
4.341183403361344340e+00
4.645342750093668371e+00
4.683951567812617789e+00
4.539882753570120499e+00
4.475963826714800753e+00
4.571688716814159115e+00
4.714228060836501477e+00
4.590307219548314777e+00
4.590307219548314777e+00
4.398162398013480079e+00
4.605653714710252089e+00
4.342703957968476303e+00
4.721408910891088162e+00
4.421690370898716083e+00
4.415391666666666382e+00
4.583519334565618664e+00
4.516728524590163829e+00
4.344225578135949561e+00
4.521670240700218280e+00
4.721408910891088162e+00
4.463074082073434035e+00
4.664567268623024177e+00
4.668079743975902751e+00
4.600526827458256030e+00
4.521670240700218280e+00
4.475963826714800753e+00
4.508516290909090785e+00
4.324527310777816602e+00
4.578441580502214947e+00
4.531586184210525836e+00
4.643602921348314538e+00
4.556567364939359877e+00
4.626276044776119534e+00
4.506877426390403230e+00
4.529930507855316257e+00
4.583519334565618664e+00
4.798150077399380820e+00
4.703497647951440541e+00
4.490554074610647817e+00
4.416964659779123892e+00
4.563275598086124596e+00
4.359500632911392337e+00
4.513440043684019187e+00
4.553220639001101411e+00
4.531586184210525836e+00
4.622826174496644569e+00
4.593708706928492091e+00
4.475963826714800753e+00
4.477580281690141106e+00
4.498700943396225505e+00
4.593708706928492091e+00
4.510156347762823259e+00
4.450258363244794957e+00
4.614223967249721170e+00
4.650570067516878403e+00
4.781496259159274231e+00
4.448661571582346319e+00
4.544875293255131510e+00
4.364104118268214982e+00
4.553220639001101411e+00
4.546541914191418954e+00
4.490554074610647817e+00
4.687493308128543923e+00
4.683951567812617789e+00
4.648826321709786491e+00
4.566637127071823343e+00
4.544875293255131510e+00
4.615941846612061639e+00
4.323019456066945487e+00
4.860219443355546787e+00
4.471121456905877700e+00
4.710645820668692529e+00
4.668079743975902751e+00
4.428007071428571528e+00
4.399723136976578353e+00
4.694592881484285662e+00
4.538221010248902232e+00
4.654061486486486210e+00
4.505239752906976314e+00
4.521670240700218280e+00
4.498700943396225505e+00
4.641864395357543138e+00
4.493809278724175904e+00
4.521670240700218280e+00
4.511797598253274977e+00
4.628002911534154329e+00
4.448661571582346319e+00
4.610792041651171402e+00
4.566637127071823343e+00
4.717815753424656755e+00
4.621103168095414659e+00
4.619381445603576886e+00
4.439104833512351966e+00
4.626276044776119534e+00
4.755818872266973862e+00
4.573375064551825631e+00
4.664567268623024177e+00
4.431172194424588540e+00
4.404412007104795634e+00
4.583519334565618664e+00
4.451856301615798372e+00
4.621103168095414659e+00
4.657558151765589294e+00
4.484057793851717655e+00
4.549878825688073114e+00
4.581825498891351600e+00
4.598820400593471192e+00
4.607365217391303780e+00
4.714228060836501477e+00
4.624550466243937841e+00
4.561596688741721195e+00
4.469509661139149159e+00
4.531586184210525836e+00
4.571688716814159115e+00
4.633191255605380476e+00
4.488928240405503090e+00
4.701713993174061024e+00
4.621103168095414659e+00
4.480816696783519681e+00
4.694592881484285662e+00
4.605653714710252089e+00
4.678648981132075058e+00
4.739457110091742642e+00
4.518374562682216045e+00
4.636656619296933179e+00
4.628002911534154329e+00
4.531586184210525836e+00
4.553220639001101411e+00
4.566637127071823343e+00
4.559919014343508437e+00
4.451856301615798372e+00
4.571688716814159115e+00
4.559919014343508437e+00
4.609077992565055126e+00
4.645342750093668371e+00
4.561596688741721195e+00
4.576751495016611493e+00
4.573375064551825631e+00
4.581825498891351600e+00
4.578441580502214947e+00
4.453455387931034792e+00
4.626276044776119534e+00
4.699931690674753249e+00
4.739457110091742642e+00
4.471121456905877700e+00
4.482436659436007886e+00
4.801866692486444599e+00
4.393486817859673543e+00
4.633191255605380476e+00
4.480816696783519681e+00
4.506877426390403230e+00
4.520021800947866986e+00
4.568319749447310230e+00
4.568319749447310230e+00
4.561596688741721195e+00
4.534901170446232754e+00
4.607365217391303780e+00
4.505239752906976314e+00
4.321512652492157436e+00
4.675120588235293972e+00
4.748533052470317095e+00
4.367178513561112752e+00
4.603943483104344203e+00
4.598820400593471192e+00
4.583519334565618664e+00
4.675120588235293972e+00
4.622826174496644569e+00
4.559919014343508437e+00
4.801866692486444599e+00
4.588608364174685761e+00
4.467899027027026904e+00
4.432756453342867609e+00
4.503603269160914913e+00
4.554893387215282807e+00
4.575062656826568208e+00
4.390375283286118702e+00
4.607365217391303780e+00
4.345748264984226950e+00
4.318502194357366264e+00
4.669837966101694882e+00
4.466289553314120475e+00
4.350322736842104909e+00
4.523319883254286466e+00
4.413819793520826096e+00
4.573375064551825631e+00
4.361034048540274100e+00
4.516728524590163829e+00
4.382615694591728506e+00
4.356437034434293309e+00
4.485680101302460088e+00
4.370257243567148286e+00
4.597115239154615729e+00
4.421690370898716083e+00
4.297545857885615384e+00
4.434341845493561252e+00
4.448661571582346319e+00
4.515083685360523624e+00
4.469509661139149159e+00
4.588608364174685761e+00
4.529930507855316257e+00
4.396602765957446479e+00
4.523319883254286466e+00
4.605653714710252089e+00
4.388821168141592288e+00
4.621103168095414659e+00
4.418538774055594587e+00
4.410679402347918554e+00
4.477580281690141106e+00
4.602234521158129255e+00
4.501967973856209504e+00
4.556567364939359877e+00
4.464681238746848635e+00
4.399723136976578353e+00
4.420114010695186835e+00
4.526622782037240000e+00
4.373340317460317372e+00
4.437516034359341610e+00
4.455055623427955247e+00
4.463074082073434035e+00
4.516728524590163829e+00
4.434341845493561252e+00
4.336628121720881524e+00
4.511797598253274977e+00
4.520021800947866986e+00
4.553220639001101411e+00
4.385716236292889647e+00
4.526622782037240000e+00
4.471121456905877700e+00
4.385716236292889647e+00
4.576751495016611493e+00
4.655809162598572470e+00
4.428007071428571528e+00
4.556567364939359877e+00
4.376427744440522183e+00
4.377973093220338896e+00
4.335111818181817789e+00
4.401284984025559233e+00
4.443878064516129101e+00
4.410679402347918554e+00
4.224333833049403353e+00
4.497069205658323909e+00
4.576751495016611493e+00
4.508516290909090785e+00
4.689266187594554047e+00
4.610792041651171402e+00
4.279744494304452473e+00
4.682182703927492362e+00
4.680415175537938843e+00
4.347272019635343376e+00
4.384165417256010500e+00
4.581825498891351600e+00
4.631460515502427988e+00
4.529930507855316257e+00
4.463074082073434035e+00
4.534901170446232754e+00
4.556567364939359877e+00
4.511797598253274977e+00
4.463074082073434035e+00
4.546541914191418954e+00
4.379519533733662762e+00
4.498700943396225505e+00
4.351849701649701530e+00
4.432756453342867609e+00
4.222895027247956179e+00
4.524970729927007440e+00
4.614223967249721170e+00
4.416964659779123892e+00
4.450258363244794957e+00
4.461468082043900552e+00
4.388821168141592288e+00
4.518374562682216045e+00
4.737646083301489952e+00
4.829925905726528690e+00
4.763127084133691014e+00
4.401284984025559233e+00
4.585214423076923396e+00
4.490554074610647817e+00
4.467899027027026904e+00
4.435928372093022709e+00
4.505239752906976314e+00
4.238775999999999655e+00
4.399723136976578353e+00
4.451856301615798372e+00
4.421690370898716083e+00
4.327546178010471145e+00
4.538221010248902232e+00
4.511797598253274977e+00
4.575062656826568208e+00
4.645342750093668371e+00
4.529930507855316257e+00
4.583519334565618664e+00
4.168937390719569258e+00
4.531586184210525836e+00
4.498700943396225505e+00
4.526622782037240000e+00
4.384165417256010500e+00
4.381067067137808912e+00
4.603943483104344203e+00
4.405977185501066096e+00
4.506877426390403230e+00
4.511797598253274977e+00
4.455055623427955247e+00
4.520021800947866986e+00
4.368717336152219133e+00
4.341183403361344340e+00
4.563275598086124596e+00
4.634923289719625750e+00
4.453455387931034792e+00
4.342703957968476303e+00
4.650570067516878403e+00
4.493809278724175904e+00
4.666322845314264001e+00
4.609077992565055126e+00
4.563275598086124596e+00
4.477580281690141106e+00
4.415391666666666382e+00
4.455055623427955247e+00
4.412249039145907048e+00
4.461468082043900552e+00
4.347272019635343376e+00
4.495438651196518975e+00
4.415391666666666382e+00
4.568319749447310230e+00
4.544875293255131510e+00
4.549878825688073114e+00
4.396602765957446479e+00
4.455055623427955247e+00
4.528276040905770294e+00
4.503603269160914913e+00
4.479197904624276916e+00
4.546541914191418954e+00
4.374883486238532626e+00
4.453455387931034792e+00
4.505239752906976314e+00
4.443878064516129101e+00
4.539882753570120499e+00
4.327546178010471145e+00
4.510156347762823259e+00
4.497069205658323909e+00
4.437516034359341610e+00
4.508516290909090785e+00
4.617661005586591649e+00
4.585214423076923396e+00
4.443878064516129101e+00
4.661060075187969609e+00
4.393486817859673543e+00
4.467899027027026904e+00
4.544875293255131510e+00
4.451856301615798372e+00
4.487303583061888368e+00
4.348796843212906715e+00
4.588608364174685761e+00
4.654061486486486210e+00
4.723207542857142727e+00
4.474348538433777556e+00
4.534901170446232754e+00
4.429589067524116075e+00
4.650570067516878403e+00
4.583519334565618664e+00
4.607365217391303780e+00
4.661060075187969609e+00
4.391930499468649884e+00
4.220020353982300243e+00
4.561596688741721195e+00
4.371798236953455152e+00
4.520021800947866986e+00
4.513440043684019187e+00
4.439104833512351966e+00
4.575062656826568208e+00
4.498700943396225505e+00
4.434341845493561252e+00
4.603943483104344203e+00
4.511797598253274977e+00
4.662813012410681246e+00
4.451856301615798372e+00
4.662813012410681246e+00
4.529930507855316257e+00
4.529930507855316257e+00
4.595411341734617849e+00
4.497069205658323909e+00
4.528276040905770294e+00
4.333596574624256625e+00
4.250401028453890895e+00
4.498700943396225505e+00
4.459863237410071513e+00
4.361034048540274100e+00
4.361034048540274100e+00
4.429589067524116075e+00
4.484057793851717655e+00
4.318502194357366264e+00
4.251858641975307940e+00
4.434341845493561252e+00
4.321512652492157436e+00
4.564955743740794603e+00
4.492181086956521519e+00
4.443878064516129101e+00
4.447065925394547925e+00
4.385716236292889647e+00
4.434341845493561252e+00
4.342703957968476303e+00
4.256237487126672825e+00
4.429589067524116075e+00
4.296056756756756023e+00
4.480816696783519681e+00
4.443878064516129101e+00
4.501967973856209504e+00
4.235879672019132514e+00
4.112245373134328474e+00
4.398162398013480079e+00
4.237327341079971887e+00
4.387268152866241167e+00
4.128677922077921281e+00
4.205705495251017112e+00
4.521670240700218280e+00
4.217149591836734324e+00
4.412249039145907048e+00
4.351849701649701530e+00
4.469509661139149159e+00
4.418538774055594587e+00
4.401284984025559233e+00
4.458259546925565253e+00
4.435928372093022709e+00
4.541545714285714297e+00
4.482436659436007886e+00
4.279744494304452473e+00
4.538221010248902232e+00
4.359500632911392337e+00
4.561596688741721195e+00
4.412249039145907048e+00
4.490554074610647817e+00
4.501967973856209504e+00
4.440694770773639277e+00
4.516728524590163829e+00
4.571688716814159115e+00
4.549878825688073114e+00
4.259161731363791503e+00
4.510156347762823259e+00
4.230098874104400331e+00
4.443878064516129101e+00
4.539882753570120499e+00
4.324527310777816602e+00
4.439104833512351966e+00
4.410679402347918554e+00
4.402847940340908650e+00
4.435928372093022709e+00
4.342703957968476303e+00
4.439104833512351966e+00
4.666322845314264001e+00
4.329057192737430171e+00
4.393486817859673543e+00
4.373340317460317372e+00
4.333596574624256625e+00
4.437516034359341610e+00
4.539882753570120499e+00
4.407543476715249930e+00
4.309495933263816525e+00
4.313994363256784759e+00
4.374883486238532626e+00
4.354906849315068662e+00
4.459863237410071513e+00
4.539882753570120499e+00
4.461468082043900552e+00
4.520021800947866986e+00
4.390375283286118702e+00
4.253317255574613931e+00
4.313994363256784759e+00
4.445471423449265380e+00
4.305006875000000122e+00
4.431172194424588540e+00
4.381067067137808912e+00
4.405977185501066096e+00
4.402847940340908650e+00
4.497069205658323909e+00
4.463074082073434035e+00
4.571688716814159115e+00
4.410679402347918554e+00
4.475963826714800753e+00
4.437516034359341610e+00
4.299035991678224811e+00
4.398162398013480079e+00
4.413819793520826096e+00
4.434341845493561252e+00
4.432756453342867609e+00
4.416964659779123892e+00
4.404412007104795634e+00
4.423267855868711962e+00
4.405977185501066096e+00
4.350322736842104909e+00
4.345748264984226950e+00
4.309495933263816525e+00
4.563275598086124596e+00
4.373340317460317372e+00
4.523319883254286466e+00
4.559919014343508437e+00
4.585214423076923396e+00
4.563275598086124596e+00
4.333596574624256625e+00
4.200006707317073484e+00
4.533243071297988536e+00
4.518374562682216045e+00
4.559919014343508437e+00
4.401284984025559233e+00
4.448661571582346319e+00
4.364104118268214982e+00
4.477580281690141106e+00
4.469509661139149159e+00
4.284180995162405026e+00
4.455055623427955247e+00
4.495438651196518975e+00
4.381067067137808912e+00
4.371798236953455152e+00
4.515083685360523624e+00
4.367178513561112752e+00
4.368717336152219133e+00
4.401284984025559233e+00
4.475963826714800753e+00
4.354906849315068662e+00
4.361034048540274100e+00
4.500333865698729063e+00
4.598820400593471192e+00
4.300527159209156736e+00
4.353377738764044658e+00
4.415391666666666382e+00
4.474348538433777556e+00
4.515083685360523624e+00
4.382615694591728506e+00
4.281222306629834051e+00
4.309495933263816525e+00
4.373340317460317372e+00
4.581825498891351600e+00
4.463074082073434035e+00
4.373340317460317372e+00
4.583519334565618664e+00
4.420114010695186835e+00
4.379519533733662762e+00
4.453455387931034792e+00
4.382615694591728506e+00
4.456657009345794229e+00
4.416964659779123892e+00
4.413819793520826096e+00
4.373340317460317372e+00
4.474348538433777556e+00
4.371798236953455152e+00
4.259161731363791503e+00
4.480816696783519681e+00
4.316998537604456843e+00
4.371798236953455152e+00
4.474348538433777556e+00
4.279744494304452473e+00
4.521670240700218280e+00
4.563275598086124596e+00
4.453455387931034792e+00
4.423267855868711962e+00
4.267958623063683454e+00
4.336628121720881524e+00
4.393486817859673543e+00
4.367178513561112752e+00
4.368717336152219133e+00
4.385716236292889647e+00
4.426426204926810826e+00
4.409110881934566351e+00
4.341183403361344340e+00
4.480816696783519681e+00
4.279744494304452473e+00
4.234432991803278590e+00
4.415391666666666382e+00
4.371798236953455152e+00
4.524970729927007440e+00
4.318502194357366264e+00
4.407543476715249930e+00
4.205705495251017112e+00
4.676884119200301448e+00
4.495438651196518975e+00
4.450258363244794957e+00
4.336628121720881524e+00
4.370257243567148286e+00
4.516728524590163829e+00
4.424846466809421841e+00
4.275317172413792832e+00
4.482436659436007886e+00
4.291595638629283727e+00
4.307998540653231068e+00
4.413819793520826096e+00
4.426426204926810826e+00
4.267958623063683454e+00
4.538221010248902232e+00
4.391930499468649884e+00
4.429589067524116075e+00
4.379519533733662762e+00
4.551549118942731731e+00
4.543209893733968663e+00
4.511797598253274977e+00
4.221457201225740086e+00
4.248944413982179036e+00
4.135563642428285114e+00
4.232987299419597171e+00
4.152183456128599737e+00
4.382615694591728506e+00
4.388821168141592288e+00
4.342703957968476303e+00
4.469509661139149159e+00
4.384165417256010500e+00
4.475963826714800753e+00
4.426426204926810826e+00
4.344225578135949561e+00
4.431172194424588540e+00
4.508516290909090785e+00
4.345748264984226950e+00
4.201429955947135753e+00
4.104078053624626854e+00
4.173147021204981044e+00
4.217149591836734324e+00
4.225773619631901568e+00
4.278267701863353700e+00
4.127303528628495144e+00
4.150793371275526944e+00
4.393486817859673543e+00
4.086493012524719859e+00
4.100006547619047481e+00
4.124557485029939130e+00
4.145242326980942416e+00
4.350322736842104909e+00
4.409110881934566351e+00
4.071730640394088496e+00
4.098651173553718330e+00
4.243127926078028800e+00
4.117708336100962541e+00
4.163337743451981154e+00
4.297545857885615384e+00
4.275317172413792832e+00
4.376427744440522183e+00
4.275317172413792832e+00
4.359500632911392337e+00
4.323019456066945487e+00
4.230098874104400331e+00
4.227214387998635914e+00
4.188655337837837500e+00
4.330569263010827008e+00
4.373340317460317372e+00
4.401284984025559233e+00
4.296056756756756023e+00
4.290110657439446307e+00
4.246034178082191524e+00
4.211419769021738979e+00
4.247488797533401694e+00
4.309495933263816525e+00
4.524970729927007440e+00
4.221457201225740086e+00
4.235879672019132514e+00
4.303512599791738502e+00
4.347272019635343376e+00
4.348796843212906715e+00
4.224333833049403353e+00
4.114975041486889751e+00
4.185827076299797334e+00
4.198584422621062906e+00
4.207132609433322123e+00
4.190070902331869185e+00
4.278267701863353700e+00
4.287143775933610179e+00
4.105437019867549608e+00
4.192904903618532408e+00
4.257699107142856931e+00
4.273843433298861960e+00
4.215715674940495816e+00
4.028076608187133978e+00
4.205705495251017112e+00
4.246034178082191524e+00
4.259161731363791503e+00
4.247488797533401694e+00
4.221457201225740086e+00
4.432756453342867609e+00
4.221457201225740086e+00
4.508516290909090785e+00
4.431172194424588540e+00
4.364104118268214982e+00
4.439104833512351966e+00
4.451856301615798372e+00
4.324527310777816602e+00
4.091887722772276526e+00
4.279744494304452473e+00
4.230098874104400331e+00
4.338145486354092917e+00
4.195742741116751162e+00
4.049124689745264405e+00
4.549878825688073114e+00
4.221457201225740086e+00
4.278267701863353700e+00
4.238775999999999655e+00
4.020239883268482473e+00
4.440694770773639277e+00
4.174552121212120603e+00
4.413819793520826096e+00
4.152183456128599737e+00
4.416964659779123892e+00
4.039889149560117687e+00
4.120445264207377889e+00
4.396602765957446479e+00
4.428007071428571528e+00
4.518374562682216045e+00
4.167536067226890850e+00
4.320006898954703800e+00
4.487303583061888368e+00
4.316998537604456843e+00
4.384165417256010500e+00
4.209989745331069066e+00
4.209989745331069066e+00
4.093238626609442044e+00
4.170339656912209314e+00
4.090537710326624499e+00
4.234432991803278590e+00
4.083800988142291644e+00
4.127303528628495144e+00
4.194323342354532969e+00
4.484057793851717655e+00
4.323019456066945487e+00
4.156359302715387116e+00
4.198584422621062906e+00
4.175958167733243798e+00
4.156359302715387116e+00
4.464681238746848635e+00
4.365640774647887135e+00
4.362568543279381039e+00
4.415391666666666382e+00
4.250401028453890895e+00
4.241676291481354610e+00
4.251858641975307940e+00
4.287143775933610179e+00
4.362568543279381039e+00
4.299035991678224811e+00
4.377973093220338896e+00
4.503603269160914913e+00
4.138324365821094197e+00
4.265022291021671741e+00
4.198584422621062906e+00
4.324527310777816602e+00
4.145242326980942416e+00
4.007246218487394707e+00
4.453455387931034792e+00
4.581825498891351600e+00
4.059731434184675969e+00
4.412249039145907048e+00
4.313994363256784759e+00
3.941010743801652172e+00
4.130053231179213746e+00
4.105437019867549608e+00
4.313994363256784759e+00
4.503603269160914913e+00
4.033318087182824030e+00
4.148015991970559035e+00
4.263555639614855508e+00
4.173147021204981044e+00
4.371798236953455152e+00
4.382615694591728506e+00
4.237327341079971887e+00
4.294568687218565550e+00
4.285661873487728535e+00
4.371798236953455152e+00
4.170339656912209314e+00
4.183002631578947472e+00
4.326036217725051536e+00
4.011135490132642367e+00
4.145242326980942416e+00
4.251858641975307940e+00
4.175958167733243798e+00
4.315495927601809889e+00
4.156359302715387116e+00
4.312493843478260480e+00
4.202854169491525127e+00
4.138324365821094197e+00
4.234432991803278590e+00
4.285661873487728535e+00
4.351849701649701530e+00
4.347272019635343376e+00
4.309495933263816525e+00
4.447065925394547925e+00
4.102719986763732507e+00
4.175958167733243798e+00
4.423267855868711962e+00
4.402847940340908650e+00
4.456657009345794229e+00
4.294568687218565550e+00
4.493809278724175904e+00
4.440694770773639277e+00
4.581825498891351600e+00
4.063723303834807510e+00
4.159147869842334089e+00
4.188655337837837500e+00
4.488928240405503090e+00
4.224333833049403353e+00
4.578441580502214947e+00
4.327546178010471145e+00
4.135563642428285114e+00
4.376427744440522183e+00
4.359500632911392337e+00
4.279744494304452473e+00
4.293081648199445155e+00
4.290110657439446307e+00
4.185827076299797334e+00
4.194323342354532969e+00
4.299035991678224811e+00
4.240225649794801654e+00
4.318502194357366264e+00
4.279744494304452473e+00
4.204279348931841298e+00
4.120445264207377889e+00
4.142472368860674159e+00
4.477580281690141106e+00
4.332082389937107259e+00
4.086493012524719859e+00
4.224333833049403353e+00
4.248944413982179036e+00
4.211419769021738979e+00
4.228656139154161053e+00
4.220020353982300243e+00
4.347272019635343376e+00
4.171742866756392942e+00
4.347272019635343376e+00
4.385716236292889647e+00
4.234432991803278590e+00
4.211419769021738979e+00
4.297545857885615384e+00
4.028076608187133978e+00
4.302019361554475729e+00
4.294568687218565550e+00
4.235879672019132514e+00
4.139706110183639431e+00
4.166135685483870255e+00
4.164736244541484389e+00
4.177365161725067111e+00
4.450258363244794957e+00
4.576751495016611493e+00
4.428007071428571528e+00
4.505239752906976314e+00
4.315495927601809889e+00
4.459863237410071513e+00
4.395044239631335614e+00
4.297545857885615384e+00
4.273843433298861960e+00
4.409110881934566351e+00
4.356437034434293309e+00
4.359500632911392337e+00
4.474348538433777556e+00
4.364104118268214982e+00
4.576751495016611493e+00
4.538221010248902232e+00
4.362568543279381039e+00
4.482436659436007886e+00
4.382615694591728506e+00
4.561596688741721195e+00
4.607365217391303780e+00
4.558242573529411423e+00
4.387268152866241167e+00
4.293081648199445155e+00
4.316998537604456843e+00
4.432756453342867609e+00
4.515083685360523624e+00
4.402847940340908650e+00
4.534901170446232754e+00
4.479197904624276916e+00
4.450258363244794957e+00
4.559919014343508437e+00
4.553220639001101411e+00
4.570003612237375279e+00
4.543209893733968663e+00
4.692815972747918174e+00
4.395044239631335614e+00
4.490554074610647817e+00
4.376427744440522183e+00
4.558242573529411423e+00
4.377973093220338896e+00
4.442285847366534313e+00
4.187240729483281854e+00
4.513440043684019187e+00
4.563275598086124596e+00
4.435928372093022709e+00
4.429589067524116075e+00
4.439104833512351966e+00
4.609077992565055126e+00
4.361034048540274100e+00
4.461468082043900552e+00
4.390375283286118702e+00
4.737646083301489952e+00
4.278267701863353700e+00
4.435928372093022709e+00
4.475963826714800753e+00
4.531586184210525836e+00
4.506877426390403230e+00
4.374883486238532626e+00
4.171742866756392942e+00
4.816790909090909345e+00
4.250401028453890895e+00
4.508516290909090785e+00
4.732221297709923391e+00
4.544875293255131510e+00
4.217149591836734324e+00
4.513440043684019187e+00
4.218584484518543398e+00
4.309495933263816525e+00
4.424846466809421841e+00
4.412249039145907048e+00
4.487303583061888368e+00
4.568319749447310230e+00
4.192904903618532408e+00
4.222895027247956179e+00
4.544875293255131510e+00
4.305006875000000122e+00
4.448661571582346319e+00
4.654061486486486210e+00
4.359500632911392337e+00
4.303512599791738502e+00
4.168937390719569258e+00
4.376427744440522183e+00
4.370257243567148286e+00
4.498700943396225505e+00
4.321512652492157436e+00
4.217149591836734324e+00
4.503603269160914913e+00
4.498700943396225505e+00
4.390375283286118702e+00
4.385716236292889647e+00
4.300527159209156736e+00
4.435928372093022709e+00
4.284180995162405026e+00
4.474348538433777556e+00
4.348796843212906715e+00
4.391930499468649884e+00
4.379519533733662762e+00
4.477580281690141106e+00
4.533243071297988536e+00
4.581825498891351600e+00
4.510156347762823259e+00
4.497069205658323909e+00
4.221457201225740086e+00
4.426426204926810826e+00
4.381067067137808912e+00
4.391930499468649884e+00
4.376427744440522183e+00
4.089188588390500811e+00
4.201429955947135753e+00
4.602234521158129255e+00
4.428007071428571528e+00
4.424846466809421841e+00
4.412249039145907048e+00
4.456657009345794229e+00
4.278267701863353700e+00
4.270899001033413356e+00
4.603943483104344203e+00
4.487303583061888368e+00
4.142472368860674159e+00
4.361034048540274100e+00
4.516728524590163829e+00
4.341183403361344340e+00
4.705282656546489584e+00
4.399723136976578353e+00
4.463074082073434035e+00
4.238775999999999655e+00
4.602234521158129255e+00
4.533243071297988536e+00
4.485680101302460088e+00
4.387268152866241167e+00
4.316998537604456843e+00
4.528276040905770294e+00
4.538221010248902232e+00
4.583519334565618664e+00
4.479197904624276916e+00
4.573375064551825631e+00
4.640127170658682410e+00
4.631460515502427988e+00
4.401284984025559233e+00
4.450258363244794957e+00
4.553220639001101411e+00
4.493809278724175904e+00
4.324527310777816602e+00
4.313994363256784759e+00
4.265022291021671741e+00
4.412249039145907048e+00
4.482436659436007886e+00
4.503603269160914913e+00
4.520021800947866986e+00
4.501967973856209504e+00
4.516728524590163829e+00
4.505239752906976314e+00
4.405977185501066096e+00
4.412249039145907048e+00
4.463074082073434035e+00
4.445471423449265380e+00
4.415391666666666382e+00
4.495438651196518975e+00
4.600526827458256030e+00
4.437516034359341610e+00
4.439104833512351966e+00
4.315495927601809889e+00
4.387268152866241167e+00
4.605653714710252089e+00
4.598820400593471192e+00
4.350322736842104909e+00
4.405977185501066096e+00
4.202854169491525127e+00
4.421690370898716083e+00
4.434341845493561252e+00
4.564955743740794603e+00
4.379519533733662762e+00
4.421690370898716083e+00
4.356437034434293309e+00
4.437516034359341610e+00
4.327546178010471145e+00
4.338145486354092917e+00
4.485680101302460088e+00
4.300527159209156736e+00
4.490554074610647817e+00
4.531586184210525836e+00
4.539882753570120499e+00
4.563275598086124596e+00
4.472734415584415757e+00
4.365640774647887135e+00
4.326036217725051536e+00
4.726808921082729320e+00
4.238775999999999655e+00
4.426426204926810826e+00
4.212850764525993164e+00
4.391930499468649884e+00
4.487303583061888368e+00
4.472734415584415757e+00
4.463074082073434035e+00
4.640127170658682410e+00
4.634923289719625750e+00
4.303512599791738502e+00
4.361034048540274100e+00
4.312493843478260480e+00
4.510156347762823259e+00
4.367178513561112752e+00
4.401284984025559233e+00
4.320006898954703800e+00
4.227214387998635914e+00
4.365640774647887135e+00
4.461468082043900552e+00
4.413819793520826096e+00
4.384165417256010500e+00
4.263555639614855508e+00
4.306502188259812236e+00
4.526622782037240000e+00
4.456657009345794229e+00
4.490554074610647817e+00
4.399723136976578353e+00
4.413819793520826096e+00
4.370257243567148286e+00
4.347272019635343376e+00
4.516728524590163829e+00
4.559919014343508437e+00
3.972579237423901954e+00
4.067723031496062625e+00
4.152183456128599737e+00
4.082456305564702070e+00
4.348796843212906715e+00
4.297545857885615384e+00
3.949799235425294874e+00
4.240225649794801654e+00
4.187240729483281854e+00
4.266489951823812632e+00
4.124557485029939130e+00
4.125930049916805231e+00
4.181591838111298642e+00
3.976401475304681910e+00
3.893976067839195920e+00
4.246034178082191524e+00
4.070393893630990689e+00
4.112245373134328474e+00
4.166135685483870255e+00
4.247488797533401694e+00
3.867255084217092520e+00
4.110881896551723536e+00
4.046481657963446388e+00
4.159147869842334089e+00
3.941010743801652172e+00
4.345748264984226950e+00
4.153574472361809100e+00
3.982788242852553395e+00
4.259161731363791503e+00
4.232987299419597171e+00
4.224333833049403353e+00
4.124557485029939130e+00
4.247488797533401694e+00
4.332082389937107259e+00
4.250401028453890895e+00
4.141088777555109957e+00
4.461468082043900552e+00
4.450258363244794957e+00
4.174552121212120603e+00
4.310994367176633979e+00
4.181591838111298642e+00
4.306502188259812236e+00
4.207132609433322123e+00
4.028076608187133978e+00
4.247488797533401694e+00
4.153574472361809100e+00
4.100006547619047481e+00
4.057074541884816199e+00
3.804363240257747858e+00
4.143856885026737658e+00
4.149404216867469408e+00
4.078427565789473519e+00
3.932261274976212917e+00
4.208560692464358155e+00
4.376427744440522183e+00
3.951057934990439335e+00
3.986630160771703846e+00
4.059731434184675969e+00
4.209989745331069066e+00
3.995623525620366934e+00
4.348796843212906715e+00
4.212850764525993164e+00
4.251858641975307940e+00
4.243127926078028800e+00
4.073068265440210389e+00
4.285661873487728535e+00
4.139706110183639431e+00
4.063723303834807510e+00
3.921068880455407690e+00
4.124557485029939130e+00
3.962422435282837885e+00
4.307998540653231068e+00
4.396602765957446479e+00
4.100006547619047481e+00
3.978953722721437103e+00
3.982788242852553395e+00
4.015032318652849597e+00
4.065055672131147269e+00
4.276791928251121533e+00
4.143856885026737658e+00
4.097296695307336201e+00
4.134184661553851114e+00
4.125930049916805231e+00
4.256237487126672825e+00
4.263555639614855508e+00
4.018936726094002765e+00
4.263555639614855508e+00
4.157753118712273377e+00
4.037258156952132637e+00
4.119076345514949722e+00
4.047802742409402299e+00
4.175958167733243798e+00
4.127303528628495144e+00
4.038573224755699798e+00
4.039889149560117687e+00
4.121815093085105630e+00
4.139706110183639431e+00
4.102719986763732507e+00
4.256237487126672825e+00
