4.488928240405503090e+00
4.329057192737430171e+00
4.421690370898716083e+00
4.373340317460317372e+00
4.480816696783519681e+00
4.424846466809421841e+00
4.353377738764044658e+00
4.303512599791738502e+00
4.556567364939359877e+00
4.495438651196518975e+00
4.521670240700218280e+00
4.423267855868711962e+00
4.553220639001101411e+00
4.536560482985729337e+00
4.426426204926810826e+00
4.531586184210525836e+00
4.518374562682216045e+00
4.365640774647887135e+00
4.566637127071823343e+00
4.458259546925565253e+00
4.536560482985729337e+00
4.447065925394547925e+00
4.440694770773639277e+00
4.451856301615798372e+00
4.426426204926810826e+00
4.458259546925565253e+00
4.633191255605380476e+00
4.207132609433322123e+00
4.520021800947866986e+00
4.275317172413792832e+00
4.551549118942731731e+00
4.371798236953455152e+00
4.559919014343508437e+00
4.437516034359341610e+00
4.597115239154615729e+00
4.388821168141592288e+00
4.634923289719625750e+00
4.480816696783519681e+00
4.435928372093022709e+00
4.564955743740794603e+00
4.561596688741721195e+00
4.543209893733968663e+00
4.479197904624276916e+00
4.610792041651171402e+00
4.610792041651171402e+00
4.546541914191418954e+00
4.526622782037240000e+00
4.575062656826568208e+00
4.466289553314120475e+00
4.516728524590163829e+00
4.423267855868711962e+00
4.439104833512351966e+00
4.497069205658323909e+00
4.455055623427955247e+00
4.654061486486486210e+00
4.428007071428571528e+00
4.488928240405503090e+00
4.526622782037240000e+00
4.435928372093022709e+00
4.377973093220338896e+00
4.437516034359341610e+00
4.439104833512351966e+00
4.598820400593471192e+00
4.571688716814159115e+00
4.493809278724175904e+00
4.516728524590163829e+00
4.429589067524116075e+00
4.612507366071428194e+00
4.333596574624256625e+00
4.549878825688073114e+00
4.503603269160914913e+00
4.315495927601809889e+00
4.364104118268214982e+00
4.455055623427955247e+00
4.581825498891351600e+00
4.356437034434293309e+00
4.434341845493561252e+00
4.467899027027026904e+00
4.437516034359341610e+00
4.421690370898716083e+00
4.477580281690141106e+00
4.598820400593471192e+00
4.487303583061888368e+00
4.680415175537938843e+00
4.428007071428571528e+00
4.464681238746848635e+00
4.235879672019132514e+00
4.619381445603576886e+00
4.371798236953455152e+00
4.598820400593471192e+00
4.431172194424588540e+00
4.600526827458256030e+00
4.546541914191418954e+00
4.323019456066945487e+00
4.501967973856209504e+00
4.508516290909090785e+00
4.381067067137808912e+00
4.471121456905877700e+00
4.640127170658682410e+00
4.399723136976578353e+00
4.558242573529411423e+00
4.553220639001101411e+00
4.546541914191418954e+00
4.466289553314120475e+00
4.479197904624276916e+00
4.474348538433777556e+00
4.493809278724175904e+00
4.497069205658323909e+00
4.585214423076923396e+00
4.402847940340908650e+00
4.563275598086124596e+00
4.564955743740794603e+00
4.585214423076923396e+00
4.541545714285714297e+00
4.544875293255131510e+00
4.573375064551825631e+00
4.480816696783519681e+00
4.459863237410071513e+00
4.506877426390403230e+00
4.421690370898716083e+00
4.395044239631335614e+00
4.593708706928492091e+00
4.424846466809421841e+00
4.456657009345794229e+00
4.526622782037240000e+00
4.431172194424588540e+00
4.619381445603576886e+00
4.361034048540274100e+00
4.508516290909090785e+00
4.480816696783519681e+00
4.310994367176633979e+00
4.385716236292889647e+00
4.508516290909090785e+00
4.609077992565055126e+00
4.603943483104344203e+00
4.466289553314120475e+00
4.381067067137808912e+00
4.275317172413792832e+00
4.487303583061888368e+00
4.445471423449265380e+00
4.437516034359341610e+00
4.539882753570120499e+00
4.558242573529411423e+00
4.585214423076923396e+00
4.687493308128543923e+00
4.299035991678224811e+00
4.439104833512351966e+00
4.638391245791245510e+00
4.341183403361344340e+00
4.475963826714800753e+00
4.464681238746848635e+00
4.539882753570120499e+00
4.371798236953455152e+00
4.469509661139149159e+00
4.461468082043900552e+00
4.362568543279381039e+00
4.510156347762823259e+00
4.581825498891351600e+00
4.598820400593471192e+00
4.279744494304452473e+00
4.390375283286118702e+00
4.368717336152219133e+00
4.262089996562393068e+00
4.526622782037240000e+00
4.451856301615798372e+00
4.518374562682216045e+00
4.285661873487728535e+00
4.554893387215282807e+00
4.650570067516878403e+00
4.157753118712273377e+00
4.404412007104795634e+00
4.323019456066945487e+00
4.332082389937107259e+00
4.421690370898716083e+00
4.204279348931841298e+00
4.508516290909090785e+00
4.284180995162405026e+00
4.240225649794801654e+00
4.405977185501066096e+00
4.384165417256010500e+00
4.696371136363636012e+00
4.364104118268214982e+00
4.453455387931034792e+00
4.626276044776119534e+00
4.691040408626560243e+00
